fixed-16 TU112 features. P29-win = {llvm, godot, eigen}; GRZ-win = other 13.

  name       label     probe_raw    ratio   reprep lines/MB  litfrac  addfrac  reffrac
  cereal     GRZ2      326899429   0.9224     72.5    168.7   0.0044   0.0129   0.8427
  range-v3   GRZ2      276081683   0.8576     67.5    194.4   0.0076   0.0171   0.8241
  duckdb     GRZ2      363349979   0.9322     41.8    391.3   0.0137   0.0334   0.7553
  simdjson   GRZ2      337573645   0.7856     38.9    320.1   0.0094   0.0272   0.8231
  catch2     GRZ2      118479871   0.8952     28.2    431.5   0.0075   0.0312   0.8590
  opencv     GRZ2      121562194   0.9349     26.4    708.4   0.0337   0.0548   0.7930
  re2        GRZ2      110231455   0.9199     25.8    490.7   0.0107   0.0328   0.8435
  json       GRZ2      293917707   0.7345     22.4    294.5   0.0198   0.0340   0.8052
  spdlog     GRZ2       98384472   0.9124     14.5    569.0   0.0145   0.0442   0.8383
  leveldb    GRZ2      143868249   0.7948      9.1    439.2   0.0107   0.0413   0.8056
  fmt        GRZ2      136350082   0.7172      5.2    602.1   0.0210   0.0697   0.7578
  abseil     GRZ2      318073203   0.6135      5.1    438.7   0.0183   0.0763   0.7922
  rocksdb    GRZ2      739716080   0.5385      3.6    391.7   0.0186   0.0846   0.7621
  eigen      P29BSC    612714455   0.8931     84.2    129.7   0.0053   0.0100   0.8485
  llvm       P29BSC    404433872   0.8811     39.3    393.7   0.0151   0.0260   0.7729
  godot      P29BSC    219324625   0.8852     36.4    476.7   0.0314   0.0388   0.7187

separability on fixed-16:
  ratio          P29-win 0.8811 0.8852 0.8931   | GRZ-win 0.5385 0.6135 0.7172 0.7345 0.7856 0.7948 0.8576 0.8952 0.9124 0.9199 0.9224 0.9322 0.9349
  reprep         P29-win 36.4403 39.3285 84.2226   | GRZ-win 3.6020 5.1207 5.1524 9.0807 14.4955 22.4462 25.8204 26.4291 28.2295 38.9419 41.8491 67.5041 72.5307
  linedens       P29-win 129.7423 393.7084 476.7363   | GRZ-win 168.6910 194.3845 294.5348 320.0635 391.2922 391.6692 431.5417 438.6820 439.1866 490.7039 569.0227 602.1118 708.4275
  litfrac        P29-win 0.0053 0.0151 0.0314   | GRZ-win 0.0044 0.0075 0.0076 0.0094 0.0107 0.0107 0.0137 0.0145 0.0183 0.0186 0.0198 0.0210 0.0337
  grz_addfrac    P29-win 0.0100 0.0260 0.0388   | GRZ-win 0.0129 0.0171 0.0272 0.0312 0.0328 0.0334 0.0340 0.0413 0.0442 0.0548 0.0697 0.0763 0.0846
  reffrac        P29-win 0.7187 0.7729 0.8485   | GRZ-win 0.7553 0.7578 0.7621 0.7922 0.7930 0.8052 0.8056 0.8231 0.8241 0.8383 0.8427 0.8435 0.8590
