tree
version=v4
num_class=1
num_tree_per_iteration=1
label_index=0
max_feature_idx=21
objective=huber
feature_names=Column_0 Column_1 Column_2 Column_3 Column_4 Column_5 Column_6 Column_7 Column_8 Column_9 Column_10 Column_11 Column_12 Column_13 Column_14 Column_15 Column_16 Column_17 Column_18 Column_19 Column_20 Column_21
feature_infos=[0:1] [0:1] [0:1] [0:1] [0:1] none [0.0625:0.79853993654251099] [0.0625:0.79853993654251099] [0.041666667908430099:0.81483078002929688] [0:0.99180328845977783] [0.00014253135304898024:1] [0:1] [-1:1] [0:1] [0:1] [0:1] [0:1] [0:1] [0:1] [0:1] [1.5259021893143654e-05:1] [1.5259021893143654e-05:1]
tree_sizes=1509 1569 1578 1565 1573 1572 1571 1574 1572 1583 1582 1584 1592 1584 1580 1591 1578 1598 1593 1584 1592 1581 1583 1589 1585 1600 1583 1581 1598 1591 1567 1581

Tree=0
num_leaves=15
num_cat=0
split_feature=11 9 11 9 10 9 11 10 9 6 6 9 6 9
split_gain=11857.1 2010.8 1680 1284.27 430.156 499.43 316.296 269.674 212.947 168.169 151.174 111.543 107.768 106.72
threshold=0.31250000000000006 0.074153382331132903 0.81250000000000011 0.095357742160558714 0.086998570710420622 0.068511378020048155 1.0000000180025095e-35 0.062593284994363799 0.015209345612674953 0.37708631157875067 0.33373375236988073 1.0000000180025095e-35 0.46748590469360357 0.32003976404666906
decision_type=2 2 2 2 2 2 2 2 2 2 2 2 2 2
left_child=1 8 3 7 5 12 -3 11 -1 -6 -5 -2 -4 -12
right_child=2 6 4 10 9 -7 -8 -9 -10 -11 13 -13 -14 -15
leaf_value=0.093485598496752531 0.091319848791678579 0.099090552837855783 0.10249490582224827 0.130254170405701 0.14231310350402854 0.14422315251480947 0.1190067662683702 0.12541679939114866 0.10147702998428537 0.15417583670686874 0.13400788180365519 0.10818783134791864 0.14337796636313621 0.14354163779693918
leaf_weight=62149 3486 5832 2941 27580 10148 8852 40850 5027 32500 31047 16140 8952 480 14061
leaf_count=62149 3486 5832 2941 27580 10148 8852 40850 5027 32500 31047 16140 8952 480 14061
internal_value=0.118929 0.102931 0.136495 0.12879 0.147337 0.134191 0.116519 0.10978 0.0962296 0.151254 0.134536 0.10346 0.108231 0.138447
internal_weight=270045 141331 128714 75246 53468 12273 46682 17465 94649 41195 57781 12438 3421 30201
internal_count=270045 141331 128714 75246 53468 12273 46682 17465 94649 41195 57781 12438 3421 30201
is_linear=0
shrinkage=1


Tree=1
num_leaves=15
num_cat=0
split_feature=16 9 10 9 6 6 9 6 9 9 6 6 10 9
split_gain=8346.41 3336.12 1346.23 877.491 523.981 383.797 372.622 315.965 197.226 152.887 144.686 137.83 125.376 90.8061
threshold=1.0000000180025095e-35 0.11152570694684984 0.22245565056800845 0.14833150058984759 0.32435558736324316 0.35363379120826727 0.017257926054298881 0.37140418589115148 0.28004629909992224 0.22245132178068164 0.29882007837295538 0.44525700807571417 0.12509314715862277 0.07697645947337152
decision_type=2 2 2 2 2 2 2 2 2 2 2 2 2 2
left_child=1 6 3 11 9 -4 -1 10 -6 -3 -5 13 -8 -2
right_child=2 4 5 7 8 -7 12 -9 -10 -11 -12 -13 -14 -15
leaf_value=-0.023524397254215609 -0.0092876162086667942 -0.010209003603041753 0.015420365225182179 0.0044113587634120287 0.0090489912197154031 0.03184450099579661 -0.014812946207375144 0.026052361645519519 0.024375693560297083 0.0057259070478423678 0.014703836134900648 0.024701673202546456 0.010528533984648225 0.00073283602800447727
leaf_weight=65730 12403 8742 13043 12511 11793 30165 43996 12631 9871 6891 29009 1074 1286 10852
leaf_count=65730 12403 8742 13043 12511 11793 30165 43996 12631 9871 6891 29009 1074 1286 10852
internal_value=1.82033e-05 -0.0127227 0.0155464 0.00930287 0.00797751 0.0268866 -0.0196774 0.014973 0.0160325 -0.00318492 0.0116025 -0.00331752 -0.0140933 -0.00461155
internal_weight=269997 148309 121688 78480 37297 43208 111012 54151 21664 15633 41520 24329 45282 23255
internal_count=269997 148309 121688 78480 37297 43208 111012 54151 21664 15633 41520 24329 45282 23255
is_linear=0
shrinkage=0.08


Tree=2
num_leaves=15
num_cat=0
split_feature=11 11 10 1 6 11 10 14 7 10 11 0 6 11
split_gain=8668.21 1782.72 836.365 444.897 407.114 143.046 229.55 121.663 105.663 82.8003 76.1536 49.1325 47.367 40.1367
threshold=0.43750000000000006 1.0000000180025095e-35 0.10009276494383813 1.0000000180025095e-35 0.3742900043725968 0.93750000000000011 0.025751547887921337 1.0000000180025095e-35 0.45620003342628485 0.052830941975116737 0.18750000000000003 1.0000000180025095e-35 0.52411630749702465 0.68750000000000011
decision_type=2 2 2 2 2 2 2 2 2 2 2 2 2 2
left_child=1 -1 5 7 13 6 12 9 -6 -3 -5 -8 -2 -4
right_child=2 3 4 10 8 -7 11 -9 -10 -11 -12 -13 -14 -15
leaf_value=-0.020502937946160503 -0.0055662165166037994 -0.0088628358330569389 0.013015224635867849 -0.0017172413462346143 0.026948334042513324 0.019852432262505239 0.011073727314154666 -0.021702788564117035 0.038303716117181891 -0.00070721415257248683 0.006403884726368496 -0.012418790008798761 0.020851408355000579 0.019025303051522675
leaf_weight=77045 8422 38411 13575 11269 29944 6518 27084 3991 6358 10052 21468 582 458 14936
leaf_count=77045 8422 38411 13575 11269 29944 6518 27084 3991 6358 10052 21468 582 458 14936
internal_value=1.49997e-06 -0.0116847 0.0175763 -0.00370964 0.0233182 0.00893467 0.00698748 -0.00827687 0.0289371 -0.00717123 0.00360836 0.0105795 -0.00420368 0.0161637
internal_weight=270113 162236 107877 85191 64813 43064 36546 52454 36302 48463 32737 27666 8880 28511
internal_count=270113 162236 107877 85191 64813 43064 36546 52454 36302 48463 32737 27666 8880 28511
is_linear=0
shrinkage=0.08


Tree=3
num_leaves=15
num_cat=0
split_feature=11 9 11 9 10 9 11 6 6 10 9 6 9 9
split_gain=7366.88 1252.59 1051.78 695.354 378.462 478.472 218.149 180.868 144.145 130.157 122.938 88.6023 85.7052 84.8201
threshold=0.31250000000000006 0.0714557319879532 0.68750000000000011 0.078843761235475554 0.077003207057714476 0.15808405727148059 1.0000000180025095e-35 0.38498975336551672 0.46748590469360357 0.10354755446314813 0.0064372364431619653 0.36375765502452856 0.14833150058984759 0.14309523999691012
decision_type=2 2 2 2 2 2 2 2 2 2 2 2 2 2
left_child=1 10 3 9 5 8 -3 -6 -4 -2 -1 13 -5 -8
right_child=2 6 4 12 7 -7 11 -9 -10 -11 -12 -13 -14 -15
leaf_value=-0.0201841799657437 -0.015250214359426802 -0.016025047446526389 -0.010440472273236953 0.0022543596238022707 0.018156626724875922 0.020765937126943915 -0.0067964127115552843 0.027650932949764895 0.022804356724236103 0.0083721320354878358 -0.014156348016544751 0.0077976698797523458 0.011721235845678718 0.0014522144452357693
leaf_weight=59525 9864 6217 6101 7269 21780 11039 12966 31290 967 1759 34036 7686 38730 20741
leaf_count=59525 9864 6217 6101 7269 21780 11039 12966 31290 967 1759 34036 7686 38730 20741
internal_value=7.04557e-06 -0.0126158 0.0138424 0.00580766 0.020347 0.0103601 -0.00205202 0.0237545 -0.00589212 -0.0116753 -0.0179914 4.66501e-05 0.0102252 -0.00172077
internal_weight=269970 141171 128799 57622 71177 18107 47610 53070 7068 11623 93561 41393 45999 33707
internal_count=269970 141171 128799 57622 71177 18107 47610 53070 7068 11623 93561 41393 45999 33707
is_linear=0
shrinkage=0.08


Tree=4
num_leaves=15
num_cat=0
split_feature=11 9 10 9 11 6 9 6 9 6 6 10 6 9
split_gain=6219.69 1667.15 614.927 853.528 223.808 182.772 142.082 138.138 126.384 121.143 110.75 82.5399 64.419 52.9936
threshold=0.43750000000000006 0.07697645947337152 0.18205492943525317 0.14309523999691012 0.18750000000000003 0.37285864353179937 0.0064372364431619653 0.37708631157875067 1.0000000180025095e-35 0.44329671561717993 0.29547898471355444 0.12509314715862277 0.450894445180893 0.16018867492675784
decision_type=2 2 2 2 2 2 2 2 2 2 2 2 2 2
left_child=1 6 3 8 10 -4 -1 -5 -2 -10 -3 -8 -7 -6
right_child=2 4 5 7 13 12 11 -9 9 -11 -12 -13 -14 -15
leaf_value=-0.018612654472655785 -0.021604960685835436 -0.011972470859851266 0.015074107994403965 0.012334201906223781 -0.00021970149744252106 0.023620468452739778 -0.013219621835609581 0.021971213532388102 -0.0051073536293206913 0.018470139016983324 -0.0011874445417421051 0.0052710602032686685 0.03304143209661628 0.0067142123850502302
leaf_weight=61809 2642 9445 17202 28388 9861 24740 37732 14322 13092 1561 17174 1611 5719 24783
leaf_count=61809 2642 9445 17202 28388 9861 24740 37732 14322 13092 1561 17174 1611 5719 24783
internal_value=-2.82937e-05 -0.00991277 0.0148825 0.00949423 0.000502076 0.0216663 -0.0162205 0.0155658 -0.0054995 -0.00259562 -0.00501421 -0.0124625 0.0253894 0.00474056
internal_weight=270081 162415 107666 60005 61263 47661 101152 42710 17295 14653 26619 39343 30459 34644
internal_count=270081 162415 107666 60005 61263 47661 101152 42710 17295 14653 26619 39343 30459 34644
is_linear=0
shrinkage=0.08


Tree=5
num_leaves=15
num_cat=0
split_feature=11 9 11 9 9 11 10 6 10 6 9 9 9 6
split_gain=5295.19 897.18 777.991 619.593 210.484 196.851 144.687 126.244 95.8113 94.118 68.9761 64.6247 63.6934 63.26
threshold=0.31250000000000006 0.06256990879774095 0.81250000000000011 0.090943552553653731 1.0000000180025095e-35 1.0000000180025095e-35 0.055615037679672248 0.450894445180893 0.27608892321586614 0.33373375236988073 0.20015649497509005 0.0064372364431619653 0.2502796351909638 0.31662052869796758
decision_type=2 2 2 2 2 2 2 2 2 2 2 2 2 2
left_child=1 11 3 6 -4 -3 -2 8 -6 10 -5 -1 -11 -7
right_child=2 5 4 9 7 13 -8 -9 -10 12 -12 -13 -14 -15
leaf_value=-0.017082194133331976 -0.012176142041787515 -0.013942156356380799 -0.018706574530970875 -0.0035471321465798257 0.013802379182227507 -0.0040643177051048482 0.0036203137544510615 0.029367943275173482 0.021287595213713817 0.0092491712245080689 0.0085070145584257746 -0.012520192842246704 0.016588409630950419 0.002166305265867567
leaf_weight=59587 11366 7925 926 3475 18769 17011 5510 7515 26252 13318 24166 29818 17528 26954
leaf_count=59587 11366 7925 926 3475 18769 17011 5510 7515 26252 13318 24166 29818 17528 26954
internal_value=-8.94436e-06 -0.0107042 0.0117215 0.00648528 0.0191029 -0.00233646 -0.00701861 0.0197693 0.0181671 0.0103817 0.00699158 -0.0155607 0.0134196 -0.000244456
internal_weight=270120 141295 128825 75363 53462 51890 16876 52536 45021 58487 27641 89405 30846 43965
internal_count=270120 141295 128825 75363 53462 51890 16876 52536 45021 58487 27641 89405 30846 43965
is_linear=0
shrinkage=0.08


Tree=6
num_leaves=15
num_cat=0
split_feature=11 9 10 9 6 6 9 9 6 6 6 9 9 10
split_gain=4495.96 1204.22 457.921 602.695 216.796 167.056 141.509 125.141 91.4889 87.3631 85.1672 72.3058 70.5997 64.0785
threshold=0.43750000000000006 0.090943552553653731 0.10009276494383813 0.16345082968473437 0.37979850172996527 0.342227652668953 0.029466030187904838 0.17405329644680026 0.50429850816726696 0.28464138507843023 0.38112460076808935 0.0714557319879532 0.50095057487487804 0.137970045208931
decision_type=2 2 2 2 2 2 2 2 2 2 2 2 2 2
left_child=1 6 3 8 -4 7 -1 -3 11 -9 13 -2 -5 -8
right_child=2 5 4 12 -6 -7 10 9 -10 -11 -12 -13 -14 -15
leaf_value=-0.015381874789972667 -0.011428087384019077 -0.0072300649641056508 0.011989792521387731 0.0093297657274342641 0.021267643598675598 0.0080381972364677329 -0.01180440580108557 -0.0042274824924046486 0.017593017111935918 0.0058792323420141122 -0.00015845087958947905 6.5706522479708177e-05 0.017555666629237344 0.0044498344511908327
leaf_weight=72002 9920 15407 30379 12693 34339 16206 28100 8794 1001 14498 5608 5415 14090 1643
leaf_count=72002 9920 15407 30379 12693 34339 16206 28100 8794 1001 14498 5608 5415 14090 1643
internal_value=-3.49364e-06 -0.00841791 0.0126573 0.0062706 0.0169126 0.00121909 -0.0133467 -0.00163655 -0.00583988 0.0020634 -0.00920147 -0.00736947 0.0136572 -0.0109065
internal_weight=270095 162258 107837 43119 64718 54905 107353 38699 16336 23292 35351 15335 26783 29743
internal_count=270095 162258 107837 43119 64718 54905 107353 38699 16336 23292 35351 15335 26783 29743
is_linear=0
shrinkage=0.08


Tree=7
num_leaves=15
num_cat=0
split_feature=11 9 10 9 6 6 9 9 6 9 6 6 6 6
split_gain=3820.24 1016.83 391.063 547.291 139.914 121.456 119.471 105.67 98.9474 86.3541 80.6596 79.9095 70.0469 49.0763
threshold=0.43750000000000006 0.090943552553653731 0.16710297018289569 0.14833150058984759 0.342227652668953 0.36375765502452856 0.035729130730032928 0.18192563951015475 0.37285864353179937 1.0000000180025095e-35 0.44717556238174444 0.36375765502452856 0.28071855008602148 0.47974704205989843
decision_type=2 2 2 2 2 2 2 2 2 2 2 2 2 2
left_child=1 6 3 9 7 -4 -1 -3 -5 -2 -11 -8 -9 -7
right_child=2 4 5 8 -6 13 11 12 -10 10 -12 -13 -14 -15
leaf_value=-0.013964219119133628 -0.018156242256858645 -0.0063603650499873413 0.011358064582753277 0.009276874014375696 0.0073831969112206517 0.018361753291260149 -0.010628115058576295 -0.0039532402622134265 0.017452123646462758 -0.0043742859512963302 0.014988371647823224 -0.001532429930043974 0.0054369987246862669 0.026834100842825559
leaf_weight=76979 2603 16434 16911 26073 16079 27659 21701 7884 14884 13146 1538 8644 14316 5198
leaf_count=76979 2603 16434 16911 26073 16079 27659 21701 7884 14884 13146 1538 8644 14316 5198
internal_value=5.05949e-06 -0.00776355 0.0116593 0.00720968 0.00111229 0.0168668 -0.0122884 -0.00149758 0.0122478 -0.00472684 -0.00234624 -0.00803714 0.00210219 0.0197021
internal_weight=270049 162037 108012 58244 54713 49768 107324 38634 40957 17287 14684 30345 22200 32857
internal_count=270049 162037 108012 58244 54713 49768 107324 38634 40957 17287 14684 30345 22200 32857
is_linear=0
shrinkage=0.08


Tree=8
num_leaves=15
num_cat=0
split_feature=11 9 11 9 10 9 11 7 10 10 7 9 11 10
split_gain=3225.62 546.134 500.891 316.31 174.328 249.01 123.612 91.2391 71.894 55.8651 53.5078 43.3296 37.3484 37.0864
threshold=0.31250000000000006 0.066714018583297743 0.68750000000000011 0.0714557319879532 0.077003207057714476 0.19052498042583468 1.0000000180025095e-35 0.40422390401363378 0.051364498212933547 0.10009276494383813 0.50226071476936351 0.23646138608455661 0.18750000000000003 0.11122357100248338
decision_type=2 2 2 2 2 2 2 2 2 2 2 2 2 2
left_child=1 9 3 8 5 10 -3 -6 -2 -1 -4 13 -8 -5
right_child=2 6 4 11 7 -7 12 -9 -10 -11 -12 -13 -14 -15
leaf_value=-0.012362273258763582 -0.012932034103720187 -0.011470724680549384 -0.0068381785398716 0.00056085669254996354 0.013517768134379231 0.01475238742512665 -0.0021592318321572703 0.020477506349316173 0.0010622685977456693 -7.5225470072863717e-05 0.01360736409708083 0.0083637248294541576 0.0025892041578577832 0.0082140339381437302
leaf_weight=88970 7589 7008 6566 11178 34332 10619 23407 18579 3403 2433 936 29284 19377 6357
leaf_count=88970 7589 7008 6566 11178 34332 10619 23407 18579 3403 2433 936 29284 19377 6357
internal_value=-1.07107e-05 -0.00836298 0.00914228 0.0036132 0.0136422 0.00687008 -0.00162189 0.0159616 -0.00859956 -0.0120352 -0.00428725 0.00648047 -8.65113e-06 0.00333538
internal_weight=270038 141195 128843 57811 71032 18121 49792 52911 10992 91403 7502 46819 42784 17535
internal_count=270038 141195 128843 57811 71032 18121 49792 52911 10992 91403 7502 46819 42784 17535
is_linear=0
shrinkage=0.08


Tree=9
num_leaves=15
num_cat=0
split_feature=11 9 10 9 6 11 16 6 9 9 6 9 10 6
split_gain=2733.69 466.759 427.783 545.035 126.866 122.846 97.4782 92.4241 52.1723 46.8748 46.1173 72.4456 44.2503 38.5731
threshold=0.31250000000000006 0.058914870023727424 0.20037879049777987 0.1291419789195061 0.37140418589115148 1.0000000180025095e-35 1.0000000180025095e-35 0.34811097383499151 0.30040651559829717 0.04561103135347367 0.31927330791950231 0.11791443824768068 0.083551485091447844 0.4378508478403092
decision_type=2 2 2 2 2 2 2 2 2 2 2 2 2 2
left_child=1 12 3 6 8 -3 9 -4 -5 -2 -7 -12 -1 -9
right_child=2 5 7 4 -6 10 -8 13 -10 -11 11 -13 -14 -15
leaf_value=-0.011635188565866244 -0.013946253834127871 -0.010512589387014016 0.0088252009074735269 0.0021924628553424701 0.014473779849413346 -0.0032353583913679574 0.00096927953531444357 0.015466700319184686 0.0084497310559683188 -0.0047120927931793774 -0.002040190808692075 0.006289312267047039 -0.0018847816031812121 0.022568434156166016
leaf_weight=84288 7422 8696 13230 12390 18810 18167 9333 27995 27360 6689 13821 12939 3088 5932
leaf_count=84288 7422 8696 13230 12390 18810 18167 9333 27995 27360 6689 13821 12939 3088 5932
internal_value=1.74024e-05 -0.00768474 0.00842547 0.00493414 0.00906081 -0.00180919 -0.00537374 0.0144968 0.00649935 -0.00956901 -0.000124576 0.00198729 -0.0112906 0.0167084
internal_weight=270160 140999 129161 82004 58560 53623 23444 47157 39750 14111 44927 26760 87376 33927
internal_count=270160 140999 129161 82004 58560 53623 23444 47157 39750 14111 44927 26760 87376 33927
is_linear=0
shrinkage=0.08


Tree=10
num_leaves=15
num_cat=0
split_feature=11 9 10 9 6 6 9 9 6 9 10 11 6 6
split_gain=2323.51 622.051 243.572 345.644 113.593 99.6651 92.1875 90.6236 67.9266 65.6747 55.8556 55.2762 54.8575 48.6505
threshold=0.43750000000000006 0.095357742160558714 0.20037879049777987 0.0714557319879532 0.33808068931102758 0.39341196417808538 0.0064372364431619653 0.36377537250518804 0.39225590229034429 0.16715976595878604 0.037138452753424651 1.0000000180025095e-35 0.28840057551860815 0.51769289374351513
decision_type=2 2 2 2 2 2 2 2 2 2 2 2 2 2
left_child=1 6 3 10 9 7 -1 -5 -4 -3 13 -8 -11 -2
right_child=2 4 8 5 -6 -7 11 -9 -10 12 -12 -13 -14 -15
leaf_value=-0.011545410813840109 -0.013442635913410786 -0.0061032062134609546 0.010636156117651464 0.0024011556029883193 0.0063355668513928312 0.016307889564973779 -0.0097243714491448471 0.010047955956310783 0.016845716949862935 -0.0035617882776152673 -0.0001586496434242862 -0.0042490246462281115 0.0043706499316243834 0.01072912060482541
leaf_weight=61797 6091 12908 23831 16260 17426 9097 22503 25434 21398 9633 5021 24811 13260 584
leaf_count=61797 6091 12908 23831 16260 17426 9097 22503 25434 21398 9633 5021 24811 13260 584
internal_value=-7.30927e-06 -0.00605191 0.00910246 0.00586595 0.00103834 0.00872114 -0.0095107 0.00706582 0.0135739 -0.00154007 -0.00653299 -0.00685315 0.00103281 -0.0113278
internal_weight=270054 162338 107716 62487 53227 50791 109111 41694 45229 35801 11696 47314 22893 6675
internal_count=270054 162338 107716 62487 53227 50791 109111 41694 45229 35801 11696 47314 22893 6675
is_linear=0
shrinkage=0.08


Tree=11
num_leaves=15
num_cat=0
split_feature=11 9 10 9 6 6 9 6 11 11 6 9 6 10
split_gain=1971.72 523.94 207.182 273.547 129.195 99.3983 83.3808 54.2059 51.5879 47.4539 46.3762 40.6632 37.8667 36.6252
threshold=0.43750000000000006 0.10007363930344583 0.077003207057714476 0.19371296465396884 0.37140418589115148 0.33373375236988073 0.015209345612674953 0.5101493000984193 0.18750000000000003 1.0000000180025095e-35 0.48192514479160314 0.058914870023727424 0.28840057551860815 0.14330357313156131
decision_type=2 2 2 2 2 2 2 2 2 2 2 2 2 2
left_child=1 6 3 7 12 8 -1 11 -3 -8 -6 -2 -4 -11
right_child=2 5 4 -5 10 -7 9 -9 -10 13 -12 -13 -14 -15
leaf_value=-0.010533940655813255 -0.0091943448844464034 -0.0052255131017627026 0.0014895885174452104 0.0098269129299144858 0.012756116229615746 0.0058544654713289668 -0.0088954954651172154 0.013937469166695391 0.0011904313319451359 -0.0045437279175657508 0.020371910300848013 -0.00088051617859488652 0.008439327191908829 0.007964565652198061
leaf_weight=64376 8392 13840 6169 19192 33408 18244 21020 981 19075 23761 6043 6829 26885 1599
leaf_count=64376 8392 13840 6169 19192 33408 18244 21020 981 19075 23761 6043 6829 26885 1599
internal_value=4.79583e-06 -0.00557792 0.00838231 0.00336494 0.0108316 0.00111799 -0.00867081 -0.00428955 -0.00150733 -0.00608477 0.0139227 -0.00546429 0.00714227 -0.00375505
internal_weight=269814 161915 107899 35394 72505 51159 110756 16202 32915 46380 39451 15221 33054 25360
internal_count=269814 161915 107899 35394 72505 51159 110756 16202 32915 46380 39451 15221 33054 25360
is_linear=0
shrinkage=0.08


Tree=12
num_leaves=15
num_cat=0
split_feature=11 9 10 9 9 11 16 7 11 16 7 9 10 11
split_gain=1669.67 587.014 121.753 194.637 92.4154 63.6261 55.495 46.7948 45.0907 32.8823 31.514 25.5277 22.901 20.501
threshold=0.56250000000000011 0.11152570694684984 0.14330357313156131 0.2502796351909638 0.030368906445801262 0.18750000000000003 1.0000000180025095e-35 0.39789348840713507 1.0000000180025095e-35 1.0000000180025095e-35 0.38624218106269842 0.052696157246828086 0.12509314715862277 1.0000000180025095e-35
decision_type=2 2 2 2 2 2 2 2 2 2 2 2 2 2
left_child=1 4 3 6 12 13 11 -4 -6 -10 -5 -2 -1 -3
right_child=2 5 7 10 8 -7 -8 -9 9 -11 -12 -13 -14 -15
leaf_value=-0.0096040533532330604 -0.011249971356217255 -0.0092763311674134517 0.0095414062844808335 0.0082614878123061664 -0.0081321620697363504 0.0036617075403846374 0.0030529289268849636 0.014595432164079509 -0.00453792415618117 0.0016381397126897736 0.014363974240743626 -0.0017546686227161122 0.0021954653194769446 -0.0010472823768823639
leaf_weight=73498 3333 2230 29453 16247 16747 42612 10170 19479 20708 7521 8124 3971 1068 14775
leaf_count=73498 3333 2230 29453 16247 16747 42612 10170 19479 20708 7521 8124 3971 1068 14775
internal_value=4.91911e-06 -0.00447369 0.00884397 0.00567575 -0.00770754 0.00201072 -0.00076775 0.0115533 -0.00484348 -0.00289245 0.0102957 -0.00608762 -0.00943505 -0.00212642
internal_weight=269936 179159 90777 41845 119542 59617 17474 48932 44976 28229 24371 7304 74566 17005
internal_count=269936 179159 90777 41845 119542 59617 17474 48932 44976 28229 24371 7304 74566 17005
is_linear=0
shrinkage=0.08


Tree=13
num_leaves=15
num_cat=0
split_feature=11 9 10 9 6 9 6 9 10 6 9 6 10 6
split_gain=1414.33 494.651 103.874 174.554 101.137 80.3758 57.0445 53.2399 50.1694 54.3685 40.8088 36.0223 32.2664 31.1618
threshold=0.56250000000000011 0.11152570694684984 0.20037879049777987 0.066714018583297743 0.32185025513172155 0.0064372364431619653 0.39568056166172033 0.38724207878112799 0.11122357100248338 0.36050772666931158 0.20541830360889438 0.33373375236988073 0.037138452753424651 0.27232016623020178
decision_type=2 2 2 2 2 2 2 2 2 2 2 2 2 2
left_child=1 5 3 12 10 -1 7 -5 9 -7 -3 -4 -2 -12
right_child=2 4 11 6 -6 8 -8 -9 -10 -11 13 -13 -14 -15
leaf_value=-0.0090573864335885754 -0.0093846889719251762 -0.0051285351839658131 0.0059705905391852984 0.0019308978228241799 0.0053769935423445304 -0.0082024824720736429 0.013987232433471684 0.0087263194480322933 0.0037662438338101636 -0.0030670204472703247 -0.0034164871407764948 0.012100973645578317 0.00059310301800856457 0.0031127535834042275
leaf_weight=62820 4610 11178 7439 11407 27662 25608 7705 20895 3972 27216 7129 34981 3771 13608
leaf_count=62820 4610 11178 7439 11407 27662 25608 7705 20895 3972 27216 7129 34981 3771 13608
internal_value=2.56868e-06 -0.00411921 0.00813614 0.00560277 0.00183651 -0.00708556 0.00780198 0.00632661 -0.0049046 -0.00555659 -0.00123217 0.0110259 -0.00489522 0.00086812
internal_weight=270001 179193 90808 48388 59577 119616 40007 32302 56796 52824 31915 42420 8381 20737
internal_count=270001 179193 90808 48388 59577 119616 40007 32302 56796 52824 31915 42420 8381 20737
is_linear=0
shrinkage=0.08


Tree=14
num_leaves=15
num_cat=0
split_feature=11 9 11 9 6 9 9 6 9 6 6 16 6 9
split_gain=1197.84 323.206 138.035 93.674 85.0729 63.2335 54.6268 51.0587 46.9428 38.1023 33.0352 24.0696 23.1615 21.828
threshold=0.43750000000000006 0.058914870023727424 0.81250000000000011 0.07697645947337152 0.31927330791950231 1.0000000180025095e-35 0.19052498042583468 0.47974704205989843 0.13221421092748645 0.31388731300830847 0.37845259904861456 1.0000000180025095e-35 0.27661715447902685 0.34307037293910986
decision_type=2 2 2 2 2 2 2 2 2 2 2 2 2 2
left_child=1 11 3 -2 6 -4 -3 -7 10 -5 -6 -1 -8 -11
right_child=2 4 5 9 8 7 12 -9 -10 13 -12 -13 -14 -15
leaf_value=-0.0078213953841667402 -0.0036886398856634528 -0.0063345596558411453 -0.011070584318263866 0.00140685642848777 -0.0024060666098347648 0.008825394307422893 -0.0033532968480762537 0.016255151413513139 0.0052498989854679332 0.004596610178567352 0.0053616726706884653 -0.002535431165985297 0.0027555290984558724 0.0087258540023015772
leaf_weight=85746 9151 17218 947 12384 13945 45728 6955 6800 18312 16759 4680 5892 9262 16030
leaf_count=85746 9151 17218 947 12384 13945 45728 6955 6800 18312 16759 4680 5892 9262 16030
internal_value=-2.1802e-06 -0.00435026 0.0065325 0.00369225 -0.000272733 0.00941784 -0.00319632 0.00978721 0.00237367 0.00518745 -0.000454226 -0.00748153 0.000135631 0.00661533
internal_weight=269809 162010 107799 54324 70372 53475 33435 52528 36937 45173 18625 91638 16217 32789
internal_count=269809 162010 107799 54324 70372 53475 33435 52528 36937 45173 18625 91638 16217 32789
is_linear=0
shrinkage=0.08


Tree=15
num_leaves=15
num_cat=0
split_feature=16 9 11 11 9 9 7 12 9 7 11 10 7 10
split_gain=1021.78 369.955 187.631 68.4607 60.0673 45.0598 33.2461 31.1168 20.0261 22.9588 19.5132 19.2809 19.3642 19.1766
threshold=1.0000000180025095e-35 0.16715976595878604 0.81250000000000011 0.18750000000000003 0.047722566872835166 0.50095057487487804 0.45028518140316015 0.14648437500000003 0.055658819153904922 0.31388731300830847 1.0000000180025095e-35 0.11122357100248338 0.11203007772564889 0.14330357313156131
decision_type=2 2 2 2 2 2 2 2 2 2 2 2 2 2
left_child=1 4 3 10 11 -3 -4 13 -5 -10 -2 12 -1 -6
right_child=2 5 6 8 7 -7 -8 -9 9 -11 -12 -13 -14 -15
leaf_value=-0.0055162720430983895 -0.0051853622600339742 0.002344246056739099 0.0086063127825320267 -0.0003212806455790883 -0.0049467938970689388 0.010065902030342296 0.014617349469948028 0.0021711941321687516 0.0025798475168593306 0.0060046810055383992 0.00051096836325961812 0.0035908774077075111 -0.0083002510201408627 0.0045486275399444784
leaf_weight=21477 5825 19055 37871 5434 31346 6482 6973 5121 19570 34809 11344 999 62587 1423
leaf_count=21477 5825 19055 37871 5434 31346 6482 6973 5121 19570 34809 11344 999 62587 1423
internal_value=-2.66593e-06 -0.00445772 0.00542747 0.00303123 -0.00627756 0.00430422 0.009541 -0.00362816 0.00430941 0.00477215 -0.00142165 -0.00745769 -0.00758899 -0.00453445
internal_weight=270316 148490 121826 76982 122953 25537 44844 37890 59813 54379 17169 85063 84064 32769
internal_count=270316 148490 121826 76982 122953 25537 44844 37890 59813 54379 17169 85063 84064 32769
is_linear=0
shrinkage=0.08


Tree=16
num_leaves=15
num_cat=0
split_feature=16 9 6 10 6 9 9 6 6 9 9 6 6 6
split_gain=863.94 314.629 128.285 98.687 81.2576 72.3541 51.4217 91.8861 28.877 28.7846 23.1862 22.7789 21.5399 20.8966
threshold=1.0000000180025095e-35 0.16715976595878604 0.31388731300830847 0.13346829265356067 0.31388731300830847 0.060627941042184837 0.047722566872835166 0.3554020375013352 0.41295695304870611 0.34307037293910986 0.22245132178068164 0.25273321568965917 0.36375765502452856 0.42006768286228185
decision_type=2 2 2 2 2 2 2 2 2 2 2 2 2 2
left_child=1 6 10 5 -3 -4 -1 -8 -9 -7 -2 -12 -6 -5
right_child=2 4 3 13 12 9 7 8 -10 -11 11 -13 -14 -15
leaf_value=-0.0068635027950271531 -0.003175872354229471 -0.0027730819525881708 -0.0024989372516819449 0.0083076002796833789 0.0041234057816447343 0.0037042899822046626 -0.0065666099873885643 0.00042622386022664251 0.013109782064030335 0.0082975523547352357 -0.0038287928514268931 0.0030188969399681867 0.0097042763409502519 0.012737271526623923
leaf_weight=85126 8245 7902 9148 37292 8640 23046 22562 14064 1251 14058 3772 17689 9075 8340
leaf_count=85126 8245 7902 9148 37292 8640 23046 22562 14064 1251 14058 3772 17689 9075 8340
internal_value=-1.03001e-06 -0.00409261 0.00500013 0.00647764 0.00397313 0.00387347 -0.00577241 -0.00332025 0.00146228 0.00544459 0.000430014 0.00181534 0.00698236 0.0091172
internal_weight=270210 148620 121590 91884 25617 46252 123003 37877 15315 37104 29706 21461 17715 45632
internal_count=270210 148620 121590 91884 25617 46252 123003 37877 15315 37104 29706 21461 17715 45632
is_linear=0
shrinkage=0.08


Tree=17
num_leaves=15
num_cat=0
split_feature=11 11 10 6 10 6 6 6 10 11 10 10 14 10
split_gain=744.061 205.647 95.0004 66.9065 57.6988 54.0042 35.0351 24.8595 43.2471 23.039 19.4097 18.9966 17.7307 13.3554
threshold=0.56250000000000011 1.0000000180025095e-35 0.047648921608924873 0.46595758199691778 0.050044722855091102 0.28840057551860815 0.33373375236988073 0.33808068931102758 0.023827265948057178 0.93750000000000011 0.012526150792837145 0.11632919311523439 1.0000000180025095e-35 0.085767593234777464
decision_type=2 2 2 2 2 2 2 2 2 2 2 2 2 2
left_child=1 -1 7 4 9 13 -6 -3 -9 10 -2 -7 -11 -4
right_child=3 2 5 -5 6 11 -8 8 -10 12 -12 -13 -14 -15
leaf_value=-0.0060996873519961348 -0.0088042517064535683 -0.0064200336419111964 -0.0096124159786940364 0.012978693449745945 0.0032450302173252015 0.0020795632289836051 0.007413467336907965 -0.0039055715095911241 0.0017314062992002902 5.8006988790552515e-05 0.00057127364728931684 0.0059005115766154904 0.010773876885726563 -0.0018391046803081191
leaf_weight=77254 1619 11012 1646 7823 17587 26837 48466 27686 12709 1697 11118 12074 2366 10061
leaf_count=77254 1619 11012 1646 7823 17587 26837 48466 27686 12709 1697 11118 12074 2366 10061
internal_value=9.98047e-07 -0.00298597 -0.000628237 0.00590664 0.0052389 0.00183189 0.0063036 -0.00305061 -0.00213208 0.00105278 -0.00062045 0.0032652 0.00629816 -0.00293203
internal_weight=269955 179279 102025 90676 82853 50618 66053 51407 40395 16800 12737 38911 4063 11707
internal_count=269955 179279 102025 90676 82853 50618 66053 51407 40395 16800 12737 38911 4063 11707
is_linear=0
shrinkage=0.08


Tree=18
num_leaves=15
num_cat=0
split_feature=11 9 9 7 10 10 9 9 7 11 12 11 11 10
split_gain=627.586 230.962 56.9877 52.5612 48.5468 41.8457 90.5491 33.1708 26.152 25.6602 19.9557 10.7319 9.97116 8.30766
threshold=0.56250000000000011 0.11791443824768068 1.0000000180025095e-35 0.4544659703969956 0.12509314715862277 0.50203251838684093 0.28588598966598516 0.0064372364431619653 0.11203007772564889 0.18750000000000003 0.22851562500000003 1.0000000180025095e-35 1.0000000180025095e-35 0.27608892321586614
decision_type=2 2 2 2 2 2 2 2 2 2 2 2 2 2
left_child=1 4 13 5 7 6 -4 8 -1 12 -9 -6 -3 -2
right_child=2 9 3 -5 11 -7 -8 10 -10 -11 -12 -13 -14 -15
leaf_value=-0.0040389917410873829 -0.010048425807076806 -0.0066661554417252137 -0.00058752077417033408 0.011778159995454647 -0.0035937424553784355 0.0079374469285016323 0.0061722030408008308 -0.0041580542264752149 -0.0074900694219313122 0.0024823675721303111 0.00051291787869454746 0.005666631147532325 -0.00055555458703670493 0.0091827645333238256
leaf_weight=21538 1705 1954 19010 8295 1047 23425 38103 49049 40439 41742 6647 3408 13634 157
leaf_count=21538 1705 1954 19010 8295 1047 23425 38103 49049 40439 41742 6647 3408 13634 157
internal_value=3.72786e-07 -0.00274077 0.00542427 0.0057146 -0.00470713 0.00509009 0.00392224 -0.00501748 -0.00629076 0.00144809 -0.0036006 0.00349029 -0.00132154 -0.00842689
internal_weight=270153 179458 90695 88833 122128 80538 57113 117673 61977 57330 55696 4455 15588 1862
internal_count=270153 179458 90695 88833 122128 80538 57113 117673 61977 57330 55696 4455 15588 1862
is_linear=0
shrinkage=0.08


Tree=19
num_leaves=15
num_cat=0
split_feature=16 9 11 6 6 9 6 9 6 6 10 6 10 10
split_gain=543.933 206.277 98.3236 52.9003 39.8575 35.8653 74.1407 28.9843 21.0835 19.7685 18.33 17.9118 14.0019 13.5345
threshold=1.0000000180025095e-35 0.18192563951015475 0.81250000000000011 0.342227652668953 0.28840057551860815 0.050114154815673835 0.36050772666931158 0.083504803478717818 0.28840057551860815 0.39568056166172033 0.14330357313156131 0.48192514479160314 0.013516897335648538 0.11122357100248338
decision_type=2 2 2 2 2 2 2 2 2 2 2 2 2 2
left_child=1 5 4 8 -2 13 -7 10 -3 -8 -6 12 -4 -1
right_child=2 3 11 -5 7 6 9 -9 -10 -11 -12 -13 -14 -15
leaf_value=-0.0055539785011913647 -0.0017664175888177369 -0.0052393468272740763 -0.015899003719914817 0.0075346466151884938 -0.0014480418602939291 -0.0051160876519382214 0.00083126891998007977 0.0039690594355958307 0.0021320562430772274 0.0089121648956666678 0.0062791910216881998 0.010914207168414689 0.0064039766682283897 0.0035844601785300122
leaf_weight=85323 13226 3561 181 11478 11680 24892 11428 49574 8205 2333 2362 6255 38427 1050
leaf_count=85323 13226 3561 181 11478 11680 24892 11428 49574 8205 2333 2362 6255 38427 1050
internal_value=3.4697e-06 -0.00324986 0.00396692 0.00367058 0.00222948 -0.00453647 -0.002511 0.00306024 -9.89117e-05 0.00220128 -0.000148246 0.00694283 0.00629942 -0.00544289
internal_weight=269975 148270 121705 23244 76842 125026 38653 63616 11766 13761 14042 44863 38608 86373
internal_count=269975 148270 121705 23244 76842 125026 38653 63616 11766 13761 14042 44863 38608 86373
is_linear=0
shrinkage=0.08


Tree=20
num_leaves=15
num_cat=0
split_feature=16 9 11 6 6 10 6 6 6 12 9 9 10 10
split_gain=459.869 177.759 85.3195 67.6348 28.0993 23.6388 34.8689 21.2701 20.2626 18.7699 24.9157 18.3587 18.1029 15.0387
threshold=1.0000000180025095e-35 0.14309523999691012 0.68750000000000011 0.30204175412654882 0.28840057551860815 0.071550466120243086 0.30204175412654882 0.42176108062267309 0.36375765502452856 0.041015625000000007 0.039250701665878303 0.083504803478717818 0.015180320478975775 0.12907011806964877
decision_type=2 2 2 2 2 2 2 2 2 2 2 2 2 2
left_child=1 5 4 -3 -2 9 -7 12 -5 -1 -11 13 -4 -6
right_child=2 3 7 8 11 6 -8 -9 -10 10 -12 -13 -14 -15
leaf_value=-0.0061576727959429057 -0.0018540414893508869 -0.0041211312957170117 -0.013160235367717727 0.0026129227142197764 -0.0016843776566349809 -0.0069863970563593877 0.0047933297562917712 0.009181512722018394 0.0074739663303782433 -0.0047040028641984581 -0.0012068208772488113 0.0032650424683410202 0.0052843256941310654 0.0056792182625087393
leaf_weight=35849 12106 7303 343 12481 9653 2629 4142 10157 9795 59525 16695 39258 47811 2175
leaf_count=35849 12106 7303 343 12481 9653 2629 4142 10157 9795 59525 16695 39258 47811 2175
internal_value=-1.7486e-06 -0.00298945 0.0036478 0.00256002 0.00161139 -0.00437069 0.000219573 0.00585467 0.00475038 -0.00464803 -0.00393799 0.0024326 0.00515295 -0.000330317
internal_weight=269922 148419 121503 29579 63192 118840 6771 58311 22276 112069 76220 51086 48154 11828
internal_count=269922 148419 121503 29579 63192 118840 6771 58311 22276 112069 76220 51086 48154 11828
is_linear=0
shrinkage=0.08


Tree=21
num_leaves=15
num_cat=0
split_feature=16 9 6 10 9 9 6 6 6 9 6 9 6 6
split_gain=390.171 152.229 73.8988 44.9038 38.8025 35.068 66.7834 23.2509 19.4295 14.8803 14.4393 14.3898 14.2633 13.9325
threshold=1.0000000180025095e-35 0.23646138608455661 0.31662052869796758 0.091089468449354186 0.060627941042184837 0.055658819153904922 0.3554020375013352 0.31927330791950231 0.38624218106269842 0.18192563951015475 0.29882007837295538 0.48666429519653326 0.25273321568965917 0.41013889014720922
decision_type=2 2 2 2 2 2 2 2 2 2 2 2 2 2
left_child=1 5 9 4 -4 -1 10 -3 -8 -2 -7 -6 -11 -5
right_child=2 7 3 13 11 6 8 -9 -10 12 -12 -13 -14 -15
leaf_value=-0.00457757654370882 -0.0032201826650877542 5.501791350520432e-05 -0.0026514243333885085 0.005245651113513947 0.0026525419388771514 -0.0073204581188295575 0.00058245728689249997 0.0062336124668528545 0.006827785731847804 -0.0035100525394986021 -0.0030782417903572577 0.0069633322472640573 0.0017928858060900963 0.0082584630724012592
leaf_weight=89687 7008 5793 7928 42934 19840 7095 10848 11916 4515 3851 18588 6606 20667 12738
leaf_count=89687 7008 5793 7928 42934 19840 7095 10848 11916 4515 3851 18588 6606 20667 12738
internal_value=3.80133e-06 -0.00274829 0.00336416 0.00453123 0.00225769 -0.00369119 -0.0017544 0.00421246 0.00241788 3.07465e-05 -0.00425017 0.00372934 0.000959962 0.005935
internal_weight=270014 148442 121572 90046 34374 130733 41046 17709 15363 31526 25683 26446 24518 55672
internal_count=270014 148442 121572 90046 34374 130733 41046 17709 15363 31526 25683 26446 24518 55672
is_linear=0
shrinkage=0.08


Tree=22
num_leaves=15
num_cat=0
split_feature=10 9 6 9 6 6 9 6 6 7 6 6 6 10
split_gain=328.815 165.194 137.395 39.1219 75.0839 31.8683 23.568 22.2864 19.9795 15.6882 15.005 14.6751 9.89055 9.40482
threshold=0.059010073542594917 0.23646138608455661 0.31927330791950231 0.055658819153904922 0.3554020375013352 0.25804337859153753 0.11791443824768068 0.40422390401363378 0.40111424028873449 0.11203007772564889 0.50226071476936351 0.35183018445968633 0.31927330791950231 0.18205492943525317
decision_type=2 2 2 2 2 2 2 2 2 2 2 2 2 2
left_child=1 3 5 9 12 -2 13 -4 -6 -1 -11 -3 -5 -7
right_child=2 11 7 4 8 6 -8 -9 -10 10 -12 -13 -14 -15
leaf_value=-0.0025281955148121794 -0.0048172693552528643 0.001911532163430373 0.004291364383598683 -0.0070356600724833544 0.0010939045171138506 -0.0050976161292485911 0.0015620093039618466 0.0073697318229812396 0.0090321566859223774 -0.0052175679860006676 0.0018703135927570314 0.0065856047580776346 -0.0033995705089085691 0.0029805364755585736
leaf_weight=21099 8716 7241 56969 8406 17875 5481 28987 20456 2289 67802 1967 10581 11123 1109
leaf_count=21099 8716 7241 56969 8406 17875 5481 28987 20456 2289 67802 1967 10581 11123 1109
internal_value=-1.01531e-05 -0.00253822 0.00307174 -0.00352442 -0.00142914 -0.000481882 0.000580244 0.00510468 0.00199505 -0.00443968 -0.00501774 0.00468655 -0.00496468 -0.00373818
internal_weight=270101 148383 121718 130561 39693 44293 35577 77425 20164 90868 69769 17822 19529 6590
internal_count=270101 148383 121718 130561 39693 44293 35577 77425 20164 90868 69769 17822 19529 6590
is_linear=0
shrinkage=0.08


Tree=23
num_leaves=15
num_cat=0
split_feature=16 9 6 6 10 9 11 10 6 12 9 6 9 6
split_gain=280.076 112.936 55.5656 46.3404 24.6929 32.0316 22.1939 17.6897 24.8449 15.4865 17.1955 13.0631 9.77267 9.66973
threshold=1.0000000180025095e-35 0.14309523999691012 0.3499897569417954 0.30204175412654882 0.062593284994363799 0.047722566872835166 0.18750000000000003 0.071550466120243086 0.30204175412654882 0.052734375000000007 0.015209345612674953 0.38624218106269842 0.60879224538803112 0.48816050589084631
decision_type=2 2 2 2 2 2 2 2 2 2 2 2 2 2
left_child=1 7 6 -3 5 -4 -2 9 -9 13 -11 -5 -6 -1
right_child=2 3 4 11 12 -7 -8 8 -10 10 -12 -13 -14 -15
leaf_value=-0.0050637349257850999 -0.0020279845064875208 -0.0034269613761237863 -0.0040274752185987103 0.0027722922184910763 0.0047476308544417856 0.0038175212717712656 0.0018293736581650203 -0.0055589388079852232 0.0043825900767621362 -0.0038623883414711079 -0.0012678632652626557 0.0072165553295495347 0.0075491535412641544 0.0127962709846245
leaf_weight=38304 12331 7330 4467 16587 39299 13098 42272 2625 4156 48724 24604 5683 9996 195
leaf_count=38304 12331 7330 4467 16587 39299 13098 42272 2625 4156 48724 24604 5683 9996 195
internal_value=3.78321e-06 -0.0023302 0.00285168 0.00209041 0.00439799 0.00182244 0.000958266 -0.00343341 0.000534114 -0.00367399 -0.00299184 0.00390641 0.00531572 -0.00497327
internal_weight=269671 148208 121463 29600 66860 17565 54603 118608 6781 111827 73328 22270 49295 38499
internal_count=269671 148208 121463 29600 66860 17565 54603 118608 6781 111827 73328 22270 49295 38499
is_linear=0
shrinkage=0.08


Tree=24
num_leaves=15
num_cat=0
split_feature=10 9 6 6 9 6 9 6 6 12 6 10 9 6
split_gain=238.067 117.249 112.189 30.864 23.4688 58.9109 19.9373 16.9758 16.8346 12.5126 11.8493 10.127 8.90757 8.86665
threshold=0.052830941975116737 0.21076774597167972 0.32916656136512762 0.26780799031257635 0.050114154815673835 0.36533972620964056 0.1247222237288952 0.41295695304870611 0.41746643185615545 0.080078125000000014 0.3499897569417954 0.16139049828052524 0.29185102880001074 0.32916656136512762
decision_type=2 2 2 2 2 2 2 2 2 2 2 2 2 2
left_child=1 4 3 12 9 13 11 -7 -4 -1 -3 -5 -2 -6
right_child=2 10 8 6 5 7 -8 -9 -10 -11 -12 -13 -14 -15
leaf_value=-0.0052368127463844416 -0.0057513946802094608 0.0012407610993408352 0.0039785526586983552 -0.0038580212618822217 -0.0060399583015083415 0.0012486039634392932 0.0016640139627055175 0.0099931962329701494 0.0072996930473797038 -0.0031870911805398734 0.0056008929188399751 0.0030745649738051317 -0.0015019063799947472 -0.0027492977182069062
leaf_weight=28633 6644 6413 63074 7322 9876 15134 33538 1568 11558 57015 10554 1653 6015 11165
leaf_count=28633 6644 6413 63074 7322 9876 15134 33538 1568 11558 57015 10554 1653 6015 11165
internal_value=1.25372e-06 -0.00228252 0.00247071 -0.000264712 -0.00313993 -0.00147791 0.000767801 0.00206956 0.00449289 -0.00387233 0.0039529 -0.00258119 -0.00373223 -0.00429383
internal_weight=270162 140358 129804 55172 123391 37743 42513 16702 74632 85648 16967 8975 12659 21041
internal_count=270162 140358 129804 55172 123391 37743 42513 16702 74632 85648 16967 8975 12659 21041
is_linear=0
shrinkage=0.08


Tree=25
num_leaves=15
num_cat=0
split_feature=10 9 7 9 12 10 12 7 9 9 7 7 10 10
split_gain=203.669 117.147 38.3046 26.9058 17.7106 17.1358 13.3602 11.6869 11.4612 11.2541 9.6108 8.42345 5.21287 4.24803
threshold=0.077003207057714476 0.2502796351909638 0.31662052869796758 0.052696157246828086 -0.029296874999999997 0.013186877127736809 -0.0058593749999999991 0.11203007772564889 0.61554354429245006 0.0064372364431619653 0.48235452175140386 0.25273321568965917 0.32779997587203985 0.14330357313156131
decision_type=2 2 2 2 2 2 2 2 2 2 2 2 2 2
left_child=1 3 11 7 -4 -5 -7 -1 -3 -9 12 -2 -6 -13
right_child=2 8 4 5 10 6 -8 9 -10 -11 -12 13 -14 -15
leaf_value=-0.0017476051011280152 -0.0023472513611971953 0.0023209671077507148 0.00078535325627458242 0.0059222325441820791 0.0032844180447222262 -0.003266866429988803 -0.00046383430978950155 -0.0047459629066565878 0.0061252805623524366 -0.0027107376923311923 0.0074373395474809506 7.1986055703503183e-05 0.0048362835273527182 0.0021521384076030148
leaf_weight=21380 5630 16127 10496 2132 29315 16383 32415 40896 7391 30251 5810 13019 26265 12144
leaf_count=21380 5630 16127 10496 2132 29315 16383 32415 40896 7391 30251 5810 13019 26265 12144
internal_value=7.17349e-06 -0.00171693 0.00281089 -0.0025749 0.00382219 -0.00109818 -0.0014049 -0.00338774 0.00351655 -0.00388061 0.0043414 0.000450029 0.00401777 0.0010759
internal_weight=269654 166975 102679 143457 71886 50930 48798 92527 23518 71147 61390 30793 55580 25163
internal_count=269654 166975 102679 143457 71886 50930 48798 92527 23518 71147 61390 30793 55580 25163
is_linear=0
shrinkage=0.08


Tree=26
num_leaves=15
num_cat=0
split_feature=10 9 6 9 6 6 6 6 6 9 7 6 6 6
split_gain=172.328 98.9352 64.8738 24.0053 54.998 12.6919 12.5523 12.0081 11.4585 11.4478 9.36314 13.465 8.12286 5.84716
threshold=0.077003207057714476 0.2668175101280213 0.29547898471355444 0.058914870023727424 0.35713626444339758 0.39568056166172033 0.39225590229034429 0.32435558736324316 0.35883775353431707 0.23646138608455661 0.11203007772564889 0.50226071476936351 0.25273321568965917 0.49804149568080908
decision_type=2 2 2 2 2 2 2 2 2 2 2 2 2 2
left_child=1 3 9 10 7 -4 -6 -5 -3 -2 -1 -12 -11 -7
right_child=2 8 5 4 6 13 -8 -9 -10 12 11 -13 -14 -15
leaf_value=-0.0016038709311369508 -0.0037076287969459855 0.0017308537814033284 0.0029736081808493533 -0.0048003873284310243 0.0011844057194808611 0.0048451747429866234 0.0060059983985126936 -0.0014505479272014917 0.0053721918722950011 -0.00290555194567782 -0.0036801910024646957 0.0028295378411000304 0.0013067551819618136 0.010037751039809506
leaf_weight=21483 7866 12252 56503 14786 16703 22768 4357 12758 10082 4116 72823 2092 10167 1478
leaf_count=21483 7866 12252 56503 14786 16703 22768 4357 12758 10082 4116 72823 2092 10167 1478
internal_value=2.32112e-06 -0.00158187 0.00257858 -0.0023453 -0.000895674 0.00363062 0.00218192 -0.00324879 0.00337462 -0.00125684 -0.0030762 -0.00349841 9.28745e-05 0.00516171
internal_weight=270234 167336 102898 145002 48604 80749 21060 27544 22334 22149 96398 74915 14283 24246
internal_count=270234 167336 102898 145002 48604 80749 21060 27544 22334 22149 96398 74915 14283 24246
is_linear=0
shrinkage=0.08


Tree=27
num_leaves=15
num_cat=0
split_feature=10 6 9 6 9 6 9 9 6 7 6 9 9 10
split_gain=148.696 78.7114 73.4666 22.686 14.002 12.5683 21.5141 12.4313 32.1906 12.6302 10.3308 9.54389 8.93894 8.0986
threshold=0.050044722855091102 0.33373375236988073 0.20015649497509005 0.27661715447902685 0.09764504432678224 0.5062912404537202 0.0043010951485484847 0.078843761235475554 0.3554020375013352 0.22013732045888904 0.41202734410762792 0.29185102880001074 0.57178395986557018 0.25046816468238836
decision_type=2 2 2 2 2 2 2 2 2 2 2 2 2 2
left_child=2 3 5 11 13 7 -7 9 -9 -1 -3 -2 -4 -5
right_child=1 10 12 4 -6 6 -8 8 -10 -11 -12 -13 -14 -15
leaf_value=-0.0018250220200755497 -0.0045691363570476221 0.0032066903323387345 0.0019305664770225099 -0.0033516723550202831 0.001382210672148641 -0.0052988821087718166 0.0092682660310489315 -0.0037526258189437074 0.0021539464499721619 -0.003764534482680687 0.0056287292317595064 -0.00072499941022373328 0.0059902774163285519 0.0044975118000630905
leaf_weight=33315 8764 59094 11575 6753 35975 1150 1489 12800 10963 60532 13927 7823 4958 961
leaf_count=33315 8764 59094 11575 6753 35975 1150 1489 12800 10963 60532 13927 7823 4958 961
internal_value=8.98718e-07 0.00190241 -0.00185216 -0.00023728 0.000719021 -0.00253964 0.00292032 -0.00266215 -0.00102764 -0.00307602 0.00366864 -0.00275611 0.00314801 -0.00237383
internal_weight=270079 133297 136782 60276 43689 120249 2639 117610 23763 93847 73021 16587 16533 7714
internal_count=270079 133297 136782 60276 43689 120249 2639 117610 23763 93847 73021 16587 16533 7714
is_linear=0
shrinkage=0.08


Tree=28
num_leaves=15
num_cat=0
split_feature=10 9 6 9 6 6 11 6 7 9 6 9 10 9
split_gain=126.164 81.2493 40.2355 17.9149 48.8428 15.8574 12.8544 11.0397 7.63024 8.16793 7.20357 6.00974 5.54324 5.99607
threshold=0.091089468449354186 0.27305428683757788 0.28840057551860815 0.052696157246828086 0.33593341708183294 0.39225590229034429 0.43750000000000006 0.3499897569417954 0.080780077725648894 0.0064372364431619653 0.41746643185615545 0.17165178805589679 0.32779997587203985 0.48666429519653326
decision_type=2 2 2 2 2 2 2 2 2 2 2 2 2 2
left_child=1 3 11 8 6 -6 -5 -3 -1 -10 12 -2 13 -4
right_child=2 7 10 4 5 -7 -8 -9 9 -11 -12 -13 -14 -15
leaf_value=-0.0010617678296104269 -0.0042311340204755883 0.0012815516749235839 0.0016117190210177942 -0.0030373767831374265 0.00040810472089304481 0.0053684768727599473 -0.0095822480441885311 0.0045488976014303982 -0.0036333037702138658 -0.0019607865770944464 0.0051241192585921927 -0.00044617363164203437 0.0037446081938952527 0.0038064737265187921
leaf_weight=16353 3438 13817 27427 21706 28982 4809 2107 12703 46613 31193 10455 12255 26909 11228
leaf_count=16353 3438 13817 27427 21706 28982 4809 2107 12703 46613 31193 10455 12255 26909 11228
internal_value=1.47369e-06 -0.00123886 0.00241261 -0.00195278 -0.000841511 0.00111405 -0.00361647 0.0028466 -0.00263262 -0.00296278 0.00317394 -0.00127538 0.00286296 0.00224922
internal_weight=269995 178283 91712 151763 57604 33791 23813 26520 94159 77806 76019 15693 65564 38655
internal_count=269995 178283 91712 151763 57604 33791 23813 26520 94159 77806 76019 15693 65564 38655
is_linear=0
shrinkage=0.08


Tree=29
num_leaves=15
num_cat=0
split_feature=10 6 9 6 9 6 9 12 9 6 6 9 10 9
split_gain=109.206 58.2848 54.17 17.6154 11.4616 10.4337 16.6559 10.2266 11.6071 8.1925 7.62542 6.39537 6.38293 6.1669
threshold=0.050044722855091102 0.33373375236988073 0.19052498042583468 0.27232016623020178 0.10007363930344583 0.52411630749702465 1.0000000180025095e-35 -1.0000000180025095e-35 0.040089285001158721 0.33373375236988073 0.49768081307411199 0.30798149108886724 0.25046816468238836 0.59331348538398754
decision_type=2 2 2 2 2 2 2 2 2 2 2 2 2 2
left_child=2 3 5 11 12 7 -7 -1 -9 -4 13 -2 -5 -3
right_child=1 10 9 4 -6 6 -8 8 -10 -11 -12 -13 -14 -15
leaf_value=-0.0036943684091679395 -0.0040649623182953017 0.0026788820900068657 -0.00063099486513202479 -0.0029992114688206471 0.0011700415187918779 -0.0053822362180327623 0.0084412801234291599 -0.0024928563572437753 -0.00052092727012091524 0.0034957137934994572 0.0084791938397903253 -0.00073762655256016788 0.0038256049676538184 0.0046226482637462584
leaf_weight=26184 8335 58693 3980 7082 37155 911 1439 63534 27318 13598 1679 6644 1001 12708
leaf_count=26184 8335 58693 3980 7082 37155 911 1439 63534 27318 13598 1679 6644 1001 12708
internal_value=1.53351e-06 0.00163164 -0.00158493 -0.000211242 0.000576107 -0.00219541 0.00308246 -0.00230139 -0.00189992 0.00256135 0.00315015 -0.00258911 -0.00215402 0.00302484
internal_weight=270261 133297 136964 60217 45238 119386 2350 117036 90852 17578 73080 14979 8083 71401
internal_count=270261 133297 136964 60217 45238 119386 2350 117036 90852 17578 73080 14979 8083 71401
is_linear=0
shrinkage=0.08


Tree=30
num_leaves=15
num_cat=0
split_feature=10 9 6 6 10 11 9 6 6 6 6 6 9 9
split_gain=93.2357 59.7309 29.4816 14.1585 40.5092 14.8681 13.5759 9.5987 7.90743 5.49116 4.95084 4.53557 4.3554 3.7867
threshold=0.091089468449354186 0.2502796351909638 0.28464138507843023 0.33147907257080084 0.025751547887921337 0.31250000000000006 0.10265191644430162 0.3499897569417954 0.39341196417808538 0.406239002943039 0.25273321568965917 0.25273321568965917 0.71118935942649852 0.25934660434722906
decision_type=2 2 2 2 2 2 2 2 2 2 2 2 2 2
left_child=1 3 11 5 6 -1 -5 10 -6 -4 -3 -2 -9 -13
right_child=2 7 9 4 8 -7 -8 12 -10 -11 -12 13 -14 -15
leaf_value=-0.0025010709012889603 -0.0030712589166151274 -0.00809449681014935 0.002333751234809436 -0.0024720109807535194 0.00068941283703326695 -0.007522316355985559 0.0014351778779423518 0.0028726538505868498 0.0043643166468171511 0.0039630032366407223 0.0011413944217507307 -0.002115497118346838 0.0059896798944824737 0.0011646419620376029
leaf_weight=30909 5354 381 60073 77902 26156 4299 6140 9133 4374 16982 14819 3764 4183 5609
leaf_count=30909 5354 381 60073 77902 26156 4299 6140 9133 4374 16982 14819 3764 4183 5609
internal_value=-5.7108e-06 -0.00107217 0.002066 -0.00171108 -0.0012799 -0.00311418 -0.00218656 0.00228367 0.00121591 0.00269282 0.000909889 -0.00121367 0.00385182 -0.000152593
internal_weight=270078 178296 91782 149780 114572 35208 84042 28516 30530 77055 15200 14727 13316 9373
internal_count=270078 178296 91782 149780 114572 35208 84042 28516 30530 77055 15200 14727 13316 9373
is_linear=0
shrinkage=0.08


Tree=31
num_leaves=15
num_cat=0
split_feature=10 9 6 6 10 6 11 9 6 6 6 11 6 9
split_gain=79.2822 57.4059 19.3759 12.7353 28.0793 14.7245 13.3122 11.2939 9.77179 5.88361 5.60312 3.95551 3.34731 3.14423
threshold=0.11122357100248338 0.2502796351909638 0.25273321568965917 0.30815896391868597 0.03347339108586312 0.37140418589115148 0.31250000000000006 0.13352713733911517 0.36050772666931158 0.31662052869796758 0.25273321568965917 0.31250000000000006 0.40422390401363378 0.67755267024040233
decision_type=2 2 2 2 2 2 2 2 2 2 2 2 2 2
left_child=1 3 -2 6 7 -6 -1 -5 10 -4 -3 -11 -10 -13
right_child=2 8 9 4 5 -7 -8 -9 12 11 -12 13 -14 -15
leaf_value=-0.0026866351967310114 -0.0026680818154962366 -0.0073861937210476436 0.001190243606731134 -0.0021340079604206183 -0.0003057086350265851 0.0033827059186347735 -0.0093354264420242149 0.0013282687062723436 0.0030417292993430872 0.0059046398069854183 0.0012483663560596422 0.0024687131578316917 0.0059561382725173877 0.0042352533821473533
leaf_weight=18680 5029 492 17642 95316 24567 9647 2149 6437 9068 2613 21477 45911 3494 7502
leaf_count=18680 5029 492 17642 95316 24567 9647 2149 6437 9068 2613 21477 45911 3494 7502
internal_value=-1.06289e-06 -0.000880222 0.00213634 -0.00153053 -0.00124834 0.000734279 -0.00337261 -0.00191498 0.00207264 0.00246431 0.00105499 0.00286551 0.00385234 0.00271683
internal_weight=270024 191327 78697 156796 135967 34214 20829 101753 34531 73668 21969 56026 12562 53413
internal_count=270024 191327 78697 156796 135967 34214 20829 101753 34531 73668 21969 56026 12562 53413
is_linear=0
shrinkage=0.08


end of trees

feature_importances:
Column_6=144
Column_9=139
Column_10=71
Column_11=53
Column_7=18
Column_16=11
Column_12=8
Column_14=2
Column_0=1
Column_1=1

parameters:
[boosting: gbdt]
[objective: huber]
[metric: huber]
[tree_learner: serial]
[device_type: cpu]
[data_sample_strategy: bagging]
[data: ]
[valid: ]
[num_iterations: 32]
[learning_rate: 0.08]
[num_leaves: 15]
[num_threads: 8]
[seed: 118352]
[deterministic: 0]
[force_col_wise: 0]
[force_row_wise: 0]
[histogram_pool_size: -1]
[max_depth: 5]
[min_data_in_leaf: 64]
[min_sum_hessian_in_leaf: 0.001]
[bagging_fraction: 0.9]
[pos_bagging_fraction: 1]
[neg_bagging_fraction: 1]
[bagging_freq: 1]
[bagging_seed: 16584]
[bagging_by_query: 0]
[feature_fraction: 0.9]
[feature_fraction_bynode: 1]
[feature_fraction_seed: 11328]
[extra_trees: 0]
[extra_seed: 32355]
[early_stopping_round: 0]
[early_stopping_min_delta: 0]
[first_metric_only: 0]
[max_delta_step: 0]
[lambda_l1: 0]
[lambda_l2: 0.001]
[linear_lambda: 0]
[min_gain_to_split: 0]
[drop_rate: 0.1]
[max_drop: 50]
[skip_drop: 0.5]
[xgboost_dart_mode: 0]
[uniform_drop: 0]
[drop_seed: 24763]
[top_rate: 0.2]
[other_rate: 0.1]
[min_data_per_group: 100]
[max_cat_threshold: 32]
[cat_l2: 10]
[cat_smooth: 10]
[max_cat_to_onehot: 4]
[top_k: 20]
[monotone_constraints: ]
[monotone_constraints_method: basic]
[monotone_penalty: 0]
[feature_contri: ]
[forcedsplits_filename: ]
[refit_decay_rate: 0.9]
[cegb_tradeoff: 1]
[cegb_penalty_split: 0]
[cegb_penalty_feature_lazy: ]
[cegb_penalty_feature_coupled: ]
[path_smooth: 0]
[interaction_constraints: ]
[verbosity: -1]
[saved_feature_importance_type: 0]
[use_quantized_grad: 0]
[num_grad_quant_bins: 4]
[quant_train_renew_leaf: 0]
[stochastic_rounding: 1]
[linear_tree: 0]
[max_bin: 255]
[max_bin_by_feature: ]
[min_data_in_bin: 3]
[bin_construct_sample_cnt: 200000]
[data_random_seed: 26078]
[is_enable_sparse: 1]
[enable_bundle: 1]
[use_missing: 1]
[zero_as_missing: 0]
[feature_pre_filter: 1]
[pre_partition: 0]
[two_round: 0]
[header: 0]
[label_column: ]
[weight_column: ]
[group_column: ]
[ignore_column: ]
[categorical_feature: ]
[forcedbins_filename: ]
[precise_float_parser: 0]
[parser_config_file: ]
[objective_seed: 20294]
[num_class: 1]
[is_unbalance: 0]
[scale_pos_weight: 1]
[sigmoid: 1]
[boost_from_average: 1]
[reg_sqrt: 0]
[alpha: 0.9]
[fair_c: 1]
[poisson_max_delta_step: 0.7]
[tweedie_variance_power: 1.5]
[lambdarank_truncation_level: 30]
[lambdarank_norm: 1]
[label_gain: ]
[lambdarank_position_bias_regularization: 0]
[eval_at: ]
[multi_error_top_k: 1]
[auc_mu_weights: ]
[num_machines: 1]
[local_listen_port: 12400]
[time_out: 120]
[machine_list_filename: ]
[machines: ]
[gpu_platform_id: -1]
[gpu_device_id: -1]
[gpu_use_dp: 0]
[num_gpu: 1]

end of parameters

pandas_categorical:null
